shape_id,shape_pt_lat,shape_pt_lon,shape_pt_sequence,shape_dist_traveled
A0,-34.6088132176,-58.3708655834,1,0
A0,-34.6085394761,-58.3720564842,2,0.1141
A0,-34.6084798709,-58.372567445,3,0.1621
A0,-34.6084776633,-58.37313205,4,0.2148
A0,-34.6085041545,-58.3735477924,5,0.2537
A0,-34.6086807621,-58.3760154247,6,0.4847
A0,-34.608848539,-58.3783757687,7,0.7056
A0,-34.6090074853,-58.3807253838,8,0.9254
A0,-34.6091840918,-58.3835148811,9,1.1864
A0,-34.6093253768,-58.3851141483,10,1.3362
A0,-34.6093960192,-58.3857223392,11,1.3934
A0,-34.6094313404,-58.386400938,12,1.4568
A0,-34.6094445858,-58.387465775,13,1.5563
A0,-34.6090869582,-58.388890028,14,1.6934
A0,-34.6091840918,-58.3909285069,15,1.8839
A0,-34.6092635646,-58.3929777145,16,2.0753
A0,-34.6093783586,-58.394844532,17,2.2499
A0,-34.6095902855,-58.3975160122,18,2.5001
A0,-34.609775721,-58.4002196789,19,2.7531
A0,-34.6099346655,-58.4029448032,20,3.008
A0,-34.6100340056,-58.4055411816,21,3.2505
A0,-34.6097183244,-58.4066194296,22,3.3554
A0,-34.6094909448,-58.4074670076,23,3.4373
A0,-34.6094197506,-58.407683596,24,3.4586
A0,-34.6094412744,-58.4079484642,25,3.4834
A0,-34.6095770401,-58.408408463,26,3.5282
A0,-34.6098927218,-58.409229219,27,3.6103
A0,-34.6101774967,-58.4102806449,28,3.712
A0,-34.6103496857,-58.4115439653,29,3.831
A0,-34.610638874,-58.4130969644,30,3.9785
A0,-34.610720553,-58.4144675732,31,4.1067
A0,-34.6107845716,-58.414966464,32,4.1536
A0,-34.6108817032,-58.4158220887,33,4.234
A0,-34.6109037785,-58.4164685011,34,4.2944
A0,-34.6109148162,-58.4169667214,35,4.3409
A0,-34.6109241982,-58.4171135724,36,4.3547
A0,-34.6109374434,-58.4173133969,37,4.3734
A0,-34.6109528961,-58.4174850583,38,4.3895
A0,-34.6109600706,-58.417590335,39,4.3993
A0,-34.6109815941,-58.4178699553,40,4.4255
A0,-34.6110036694,-58.4181663394,41,4.4532
A0,-34.6110119476,-58.4182984382,42,4.4656
A0,-34.6110279522,-58.4184975922,43,4.4842
A0,-34.6110555463,-58.4188429266,44,4.5166
A0,-34.6110765179,-58.4191010892,45,4.5408
A0,-34.6111008007,-58.4193900973,46,4.5678
A0,-34.6111267391,-58.4197186679,47,4.5986
A0,-34.6111532295,-58.4198340029,48,4.6097
A0,-34.6111830311,-58.4199587256,49,4.6216
A0,-34.6112260778,-58.4201525152,50,4.6402
A0,-34.6112740915,-58.4203590453,51,4.66
A0,-34.6113303834,-58.4206111729,52,4.6841
A0,-34.6113496992,-58.4206916392,53,4.6918
A0,-34.6114076466,-58.4208619595,54,4.7086
A0,-34.6114468301,-58.4209772944,55,4.72
A0,-34.6114672496,-58.4210389853,56,4.726
A0,-34.6115235414,-58.4212052822,57,4.7424
A0,-34.6115919744,-58.4213548154,58,4.7578
A0,-34.6116769637,-58.4215398878,59,4.7768
A0,-34.611756986,-58.4217142314,60,4.7947
A0,-34.6118276263,-58.4218664467,61,4.8104
A0,-34.611896611,-58.4220179915,62,4.8259
A0,-34.6119495911,-58.4221353382,63,4.8379
A0,-34.6120246463,-58.4222996235,64,4.8548
A0,-34.6120798339,-58.4224169701,65,4.8669
A0,-34.6122034539,-58.4226737916,66,4.8935
A0,-34.6122994801,-58.4228776395,67,4.9145
A0,-34.6123993693,-58.4230841696,68,4.936
A0,-34.6125825911,-58.4234704077,69,4.9759
A0,-34.6127194553,-58.4237855673,70,5.0079
A0,-34.6129004689,-58.4242120385,71,5.0512
A0,-34.6130196728,-58.4244936705,72,5.0797
A0,-34.6131289429,-58.4247578681,73,5.1064
A0,-34.6132514576,-58.4250448644,74,5.1356
A0,-34.6133805946,-58.4253439307,75,5.166
A0,-34.6135119389,-58.4256483614,76,5.1969
A0,-34.61366315,-58.4259916842,77,5.232
A0,-34.613773523,-58.4262424707,78,5.2575
A0,-34.6138739622,-58.4264664352,79,5.2804
A0,-34.6139898536,-58.4267252684,80,5.3069
A0,-34.6141465825,-58.4270806611,81,5.3432
A0,-34.6142955851,-58.4274172783,82,5.3775
A0,-34.6144158907,-58.4276868403,83,5.4051
A0,-34.6146752645,-58.4282782674,84,5.4654
A0,-34.6149313264,-58.4288562834,85,5.5244
A0,-34.6151035055,-58.4292478859,86,5.5644
A0,-34.6153330771,-58.4297628701,87,5.617
A0,-34.6154544849,-58.4300324321,88,5.6446
A0,-34.6155792037,-58.4303288162,89,5.6746
A0,-34.6156928852,-58.4305970371,90,5.7018
A0,-34.6158562331,-58.4310020506,91,5.7426
A0,-34.6161376764,-58.4316310287,92,5.8069
A0,-34.6164312594,-58.4322398901,93,5.87
A0,-34.6166519978,-58.4326770902,94,5.9157
A0,-34.6167623668,-58.4329238534,95,5.941
A0,-34.6169058462,-58.4332591295,96,5.975
A0,-34.6172060486,-58.4339511395,97,6.0454
A0,-34.6174179555,-58.4344983101,98,6.1002
A0,-34.6175857147,-58.434895277,99,6.1404
A0,-34.6183273831,-58.4364402294,100,6.3004
A0,-34.618808581,-58.4376364946,101,6.4208
A0,-34.6190469717,-58.4381246567,102,6.4715
A0,-34.6197709686,-58.4397661686,103,6.639
A0,-34.6205435193,-58.4414827824,104,6.8148
A0,-34.6211306531,-58.4428936243,105,6.9574
A0,-34.6214396692,-58.4437251091,106,7.0402
A0,-34.6219694084,-58.4447604418,107,7.1488
A0,-34.6223667105,-58.4456884861,108,7.243
A0,-34.6241059888,-58.4500980377,109,7.6856
A0,-34.6256510024,-58.4540945292,110,8.0856
A0,-34.6266927667,-58.4567512572,111,8.352
A0,-34.6271253599,-58.4578201175,112,8.4596
A0,-34.6275667793,-58.4588809311,113,8.5669
A0,-34.6279226719,-58.4597270004,114,8.6526
A0,-34.62819028,-58.4604550526,115,8.725
A0,-34.628413746,-58.4611026384,116,8.789
A0,-34.6285930701,-58.4617073089,117,8.8478
A0,-34.6289664768,-58.4632180212,118,8.9931
A0,-34.6291191772,-58.4637309518,119,9.0431
A0,-34.6296717653,-58.4654971026,120,9.2158
A0,-34.629761702,-58.4659073129,121,9.2551
A0,-34.6302017279,-58.4677136969,122,9.4286
A0,-34.6306594075,-58.4694020636,123,9.5919
A0,-34.6311090843,-58.4711453319,124,9.76
A1,-34.6311090843,-58.4711453319,1,0
A1,-34.6306594075,-58.4694020636,2,0.1681
A1,-34.6302017279,-58.4677136969,3,0.3314
A1,-34.629761702,-58.4659073129,4,0.5049
A1,-34.6296717653,-58.4654971026,5,0.5442
A1,-34.6291191772,-58.4637309518,6,0.7169
A1,-34.6289664768,-58.4632180212,7,0.7669
A1,-34.6285930701,-58.4617073089,8,0.9122
A1,-34.628413746,-58.4611026384,9,0.971
A1,-34.62819028,-58.4604550526,10,1.035
A1,-34.6279226719,-58.4597270004,11,1.1074
A1,-34.6275667793,-58.4588809311,12,1.1931
A1,-34.6271253599,-58.4578201175,13,1.3004
A1,-34.6266927667,-58.4567512572,14,1.408
A1,-34.6256510024,-58.4540945292,15,1.6744
A1,-34.6241059888,-58.4500980377,16,2.0744
A1,-34.6223667105,-58.4456884861,17,2.517
A1,-34.6219694084,-58.4447604418,18,2.6112
A1,-34.6214396692,-58.4437251091,19,2.7198
A1,-34.6211306531,-58.4428936243,20,2.8026
A1,-34.6205435193,-58.4414827824,21,2.9452
A1,-34.6197709686,-58.4397661686,22,3.121
A1,-34.6190469717,-58.4381246567,23,3.2885
A1,-34.618808581,-58.4376364946,24,3.3392
A1,-34.6183273831,-58.4364402294,25,3.4596
A1,-34.6175857147,-58.434895277,26,3.6196
A1,-34.6174179555,-58.4344983101,27,3.6598
A1,-34.6172060486,-58.4339511395,28,3.7146
A1,-34.6169058462,-58.4332591295,29,3.785
A1,-34.6167623668,-58.4329238534,30,3.819
A1,-34.6166519978,-58.4326770902,31,3.8443
A1,-34.6164312594,-58.4322398901,32,3.89
A1,-34.6161376764,-58.4316310287,33,3.9531
A1,-34.6158562331,-58.4310020506,34,4.0174
A1,-34.6156928852,-58.4305970371,35,4.0582
A1,-34.6155792037,-58.4303288162,36,4.0854
A1,-34.6154544849,-58.4300324321,37,4.1154
A1,-34.6153330771,-58.4297628701,38,4.143
A1,-34.6151035055,-58.4292478859,39,4.1956
A1,-34.6149313264,-58.4288562834,40,4.2356
A1,-34.6146752645,-58.4282782674,41,4.2946
A1,-34.6144158907,-58.4276868403,42,4.3549
A1,-34.6142955851,-58.4274172783,43,4.3825
A1,-34.6141465825,-58.4270806611,44,4.4168
A1,-34.6139898536,-58.4267252684,45,4.4531
A1,-34.6138739622,-58.4264664352,46,4.4796
A1,-34.613773523,-58.4262424707,47,4.5025
A1,-34.61366315,-58.4259916842,48,4.528
A1,-34.6135119389,-58.4256483614,49,4.5631
A1,-34.6133805946,-58.4253439307,50,4.594
A1,-34.6132514576,-58.4250448644,51,4.6244
A1,-34.6131289429,-58.4247578681,52,4.6536
A1,-34.6130196728,-58.4244936705,53,4.6803
A1,-34.6129004689,-58.4242120385,54,4.7088
A1,-34.6127194553,-58.4237855673,55,4.7521
A1,-34.6125825911,-58.4234704077,56,4.7841
A1,-34.6123993693,-58.4230841696,57,4.824
A1,-34.6122994801,-58.4228776395,58,4.8455
A1,-34.6122034539,-58.4226737916,59,4.8665
A1,-34.6120798339,-58.4224169701,60,4.8931
A1,-34.6120246463,-58.4222996235,61,4.9052
A1,-34.6119495911,-58.4221353382,62,4.9221
A1,-34.611896611,-58.4220179915,63,4.9341
A1,-34.6118276263,-58.4218664467,64,4.9496
A1,-34.611756986,-58.4217142314,65,4.9653
A1,-34.6116769637,-58.4215398878,66,4.9832
A1,-34.6115919744,-58.4213548154,67,5.0022
A1,-34.6115235414,-58.4212052822,68,5.0176
A1,-34.6114672496,-58.4210389853,69,5.034
A1,-34.6114468301,-58.4209772944,70,5.04
A1,-34.6114076466,-58.4208619595,71,5.0514
A1,-34.6113496992,-58.4206916392,72,5.0682
A1,-34.6113303834,-58.4206111729,73,5.0759
A1,-34.6112740915,-58.4203590453,74,5.1
A1,-34.6112260778,-58.4201525152,75,5.1198
A1,-34.6111830311,-58.4199587256,76,5.1384
A1,-34.6111532295,-58.4198340029,77,5.1503
A1,-34.6111267391,-58.4197186679,78,5.1614
A1,-34.6111008007,-58.4193900973,79,5.1922
A1,-34.6110765179,-58.4191010892,80,5.2192
A1,-34.6110555463,-58.4188429266,81,5.2434
A1,-34.6110279522,-58.4184975922,82,5.2758
A1,-34.6110119476,-58.4182984382,83,5.2944
A1,-34.6110036694,-58.4181663394,84,5.3068
A1,-34.6109815941,-58.4178699553,85,5.3345
A1,-34.6109600706,-58.417590335,86,5.3607
A1,-34.6109528961,-58.4174850583,87,5.3705
A1,-34.6109374434,-58.4173133969,88,5.3866
A1,-34.6109241982,-58.4171135724,89,5.4053
A1,-34.6109148162,-58.4169667214,90,5.4191
A1,-34.6109037785,-58.4164685011,91,5.4656
A1,-34.6108817032,-58.4158220887,92,5.526
A1,-34.6107845716,-58.414966464,93,5.6064
A1,-34.610720553,-58.4144675732,94,5.6533
A1,-34.610638874,-58.4130969644,95,5.7815
A1,-34.6103496857,-58.4115439653,96,5.929
A1,-34.6101774967,-58.4102806449,97,6.048
A1,-34.6098927218,-58.409229219,98,6.1497
A1,-34.6095770401,-58.408408463,99,6.2318
A1,-34.6094412744,-58.4079484642,100,6.2766
A1,-34.6094197506,-58.407683596,101,6.3014
A1,-34.6094909448,-58.4074670076,102,6.3227
A1,-34.6097183244,-58.4066194296,103,6.4046
A1,-34.6100340056,-58.4055411816,104,6.5095
A1,-34.6099346655,-58.4029448032,105,6.752
A1,-34.609775721,-58.4002196789,106,7.0069
A1,-34.6095902855,-58.3975160122,107,7.2599
A1,-34.6093783586,-58.394844532,108,7.5101
A1,-34.6092635646,-58.3929777145,109,7.6847
A1,-34.6091840918,-58.3909285069,110,7.8761
A1,-34.6090869582,-58.388890028,111,8.0666
A1,-34.6094445858,-58.387465775,112,8.2037
A1,-34.6094313404,-58.386400938,113,8.3032
A1,-34.6093960192,-58.3857223392,114,8.3666
A1,-34.6093253768,-58.3851141483,115,8.4238
A1,-34.6091840918,-58.3835148811,116,8.5736
A1,-34.6090074853,-58.3807253838,117,8.8346
A1,-34.608848539,-58.3783757687,118,9.0544
A1,-34.6086807621,-58.3760154247,119,9.2753
A1,-34.6085041545,-58.3735477924,120,9.5063
A1,-34.6084776633,-58.37313205,121,9.5452
A1,-34.6084798709,-58.372567445,122,9.5979
A1,-34.6085394761,-58.3720564842,123,9.6459
A1,-34.6088132176,-58.3708655834,124,9.76
B0,-34.6029673149,-58.3699214458,1,0
B0,-34.6032410748,-58.3738052845,2,0.3667
B0,-34.603364708,-58.3760476112,3,0.5783
B0,-34.6035501575,-58.3791160583,4,0.8678
B0,-34.6036561284,-58.3804893494,5,0.9976
B0,-34.603683725,-58.3809144795,6,1.0377
B0,-34.6036892443,-58.3813610673,7,1.0798
B0,-34.6037223602,-58.381999433,8,1.14
B0,-34.6041683194,-58.3888685703,9,1.7884
B0,-34.604459737,-58.3919906616,10,2.0837
B0,-34.6044773987,-58.3940076828,11,2.2737
B0,-34.6045657068,-58.397462368,12,2.5992
B0,-34.6047511536,-58.4036207199,13,3.1796
B0,-34.604689338,-58.4040927887,14,3.2244
B0,-34.6045833684,-58.4054124355,15,3.3491
B0,-34.6044950603,-58.406496048,16,3.4515
B0,-34.6041241651,-58.4089207649,17,3.6826
B0,-34.6040093639,-58.4103691578,18,3.8194
B0,-34.604194812,-58.4132766724,19,4.0939
B0,-34.6038504081,-58.4156262875,20,4.3175
B0,-34.6035236647,-58.4173536301,21,4.4831
B0,-34.602870174,-58.4240913391,22,5.1207
B0,-34.6020400568,-58.4322237968,23,5.8908
B0,-34.5998322579,-58.4388756752,24,6.5509
B0,-34.5976244003,-58.4412145615,25,6.8539
B0,-34.5950455484,-58.4439826012,26,7.2102
B0,-34.5916893882,-58.4476733208,27,7.6801
B0,-34.5901856962,-58.4493201971,28,7.8902
B0,-34.589208613,-58.4505084157,29,8.0351
B0,-34.5888586267,-58.4510850906,30,8.0986
B0,-34.5884015447,-58.4519514441,31,8.1909
B0,-34.5880327858,-58.4528660774,32,8.2838
B0,-34.5871627733,-58.4552961588,33,8.5269
B0,-34.5870302833,-58.4557682276,34,8.5731
B0,-34.5864274511,-58.457621634,35,8.7567
B0,-34.5857362865,-58.4596252441,36,8.9563
B0,-34.5852239819,-58.4620285034,37,9.1878
B0,-34.585034075,-58.4634447098,38,9.3224
B0,-34.5846459792,-58.4647177532,39,9.4477
B0,-34.5839796425,-58.4666774422,40,9.6427
B0,-34.5831813565,-58.469196707,41,9.8916
B0,-34.5827402532,-58.470656164,42,10.0352
B0,-34.5822436642,-58.4720296226,43,10.1728
B0,-34.5818309879,-58.4733816236,44,10.3059
B0,-34.5816686772,-58.4739509225,45,10.3617
B0,-34.5799682604,-58.4754663706,46,10.5762
B0,-34.5791047887,-58.4789747,47,10.9166
B0,-34.5784533143,-58.4800744057,48,11.037
B0,-34.577444071,-58.4814745188,49,11.1995
B0,-34.5766170124,-58.4827807546,50,11.3452
B0,-34.5755646816,-58.4843015671,51,11.5194
B0,-34.5746945386,-58.4858036041,52,11.6829
B0,-34.5739524806,-58.4868013859,53,11.8
B1,-34.5739524806,-58.4868013859,1,0
B1,-34.5746945386,-58.4858036041,2,0.1171
B1,-34.5755646816,-58.4843015671,3,0.2806
B1,-34.5766170124,-58.4827807546,4,0.4548
B1,-34.577444071,-58.4814745188,5,0.6005
B1,-34.5784533143,-58.4800744057,6,0.763
B1,-34.5791047887,-58.4789747,7,0.8834
B1,-34.5799682604,-58.4754663706,8,1.2238
B1,-34.5816686772,-58.4739509225,9,1.4383
B1,-34.5818309879,-58.4733816236,10,1.4941
B1,-34.5822436642,-58.4720296226,11,1.6272
B1,-34.5827402532,-58.470656164,12,1.7648
B1,-34.5831813565,-58.469196707,13,1.9084
B1,-34.5839796425,-58.4666774422,14,2.1573
B1,-34.5846459792,-58.4647177532,15,2.3523
B1,-34.585034075,-58.4634447098,16,2.4776
B1,-34.5852239819,-58.4620285034,17,2.6122
B1,-34.5857362865,-58.4596252441,18,2.8437
B1,-34.5864274511,-58.457621634,19,3.0433
B1,-34.5870302833,-58.4557682276,20,3.2269
B1,-34.5871627733,-58.4552961588,21,3.2731
B1,-34.5880327858,-58.4528660774,22,3.5162
B1,-34.5884015447,-58.4519514441,23,3.6091
B1,-34.5888586267,-58.4510850906,24,3.7014
B1,-34.589208613,-58.4505084157,25,3.7649
B1,-34.5901856962,-58.4493201971,26,3.9098
B1,-34.5916893882,-58.4476733208,27,4.1199
B1,-34.5950455484,-58.4439826012,28,4.5898
B1,-34.5976244003,-58.4412145615,29,4.9461
B1,-34.5998322579,-58.4388756752,30,5.2491
B1,-34.6020400568,-58.4322237968,31,5.9092
B1,-34.602870174,-58.4240913391,32,6.6793
B1,-34.6035236647,-58.4173536301,33,7.3169
B1,-34.6038504081,-58.4156262875,34,7.4825
B1,-34.604194812,-58.4132766724,35,7.7061
B1,-34.6040093639,-58.4103691578,36,7.9806
B1,-34.6041241651,-58.4089207649,37,8.1174
B1,-34.6044950603,-58.406496048,38,8.3485
B1,-34.6045833684,-58.4054124355,39,8.4509
B1,-34.604689338,-58.4040927887,40,8.5756
B1,-34.6047511536,-58.4036207199,41,8.6204
B1,-34.6045657068,-58.397462368,42,9.2008
B1,-34.6044773987,-58.3940076828,43,9.5263
B1,-34.604459737,-58.3919906616,44,9.7163
B1,-34.6041683194,-58.3888685703,45,10.0116
B1,-34.6037223602,-58.381999433,46,10.66
B1,-34.6036892443,-58.3813610673,47,10.7202
B1,-34.603683725,-58.3809144795,48,10.7623
B1,-34.6036561284,-58.3804893494,49,10.8024
B1,-34.6035501575,-58.3791160583,50,10.9322
B1,-34.603364708,-58.3760476112,51,11.2217
B1,-34.6032410748,-58.3738052845,52,11.4333
B1,-34.6029673149,-58.3699214458,53,11.8
C0,-34.5915039123,-58.3744704723,1,0
C0,-34.5932879972,-58.3759510517,2,0.2507
C0,-34.5944626461,-58.376865685,3,0.4117
C0,-34.5948799515,-58.3772747219,4,0.4749
C0,-34.5952530959,-58.3776301146,5,0.5307
C0,-34.5955092177,-58.3778634667,6,0.5682
C0,-34.5958845672,-58.3781772852,7,0.6211
C0,-34.5963703111,-58.3784294128,8,0.6803
C0,-34.5976729738,-58.3783811331,9,0.8213
C0,-34.5989402905,-58.3782738447,10,0.9589
C0,-34.6002120035,-58.3782309294,11,1.0966
C0,-34.6016073329,-58.3781558275,12,1.2478
C0,-34.6027377091,-58.3781075478,13,1.3701
C0,-34.6032154098,-58.3781011775,14,1.4218
C0,-34.6035959679,-58.3780626208,15,1.4632
C0,-34.6039014617,-58.3780830726,16,1.4963
C0,-34.6042069544,-58.3781088889,17,1.5295
C0,-34.6044956122,-58.3781819791,18,1.5617
C0,-34.6046024098,-58.378242664,19,1.575
C0,-34.604689338,-58.3783569932,20,1.5905
C0,-34.6047365276,-58.3784579113,21,1.6026
C0,-34.6047682633,-58.3786017448,22,1.6185
C0,-34.6047875806,-58.378932327,23,1.6543
C0,-34.6048173845,-58.3794003725,24,1.705
C0,-34.6048398754,-58.3800081443,25,1.7708
C0,-34.6050124894,-58.3803262375,26,1.81
C0,-34.6051766862,-58.3805171773,27,1.8372
C0,-34.605469756,-58.3806683868,28,1.8729
C0,-34.6057953879,-58.3807991445,29,1.9109
C0,-34.6061552373,-58.3808460832,30,1.9501
C0,-34.6083407921,-58.3807146549,31,2.187
C0,-34.6118419751,-58.3805537224,32,2.5661
C0,-34.6145969006,-58.3804035187,33,2.8645
C0,-34.6167866479,-58.3802747726,34,3.1018
C0,-34.6194001417,-58.3801674843,35,3.3847
C0,-34.6220841847,-58.3799958229,36,3.6757
C0,-34.6226028837,-58.3799636364,37,3.7319
C0,-34.6229361737,-58.3799260855,38,3.7682
C0,-34.6234460385,-58.3798677474,39,3.8237
C0,-34.6238157438,-58.3800799772,40,3.8698
C0,-34.6241368894,-58.3804048598,41,3.9192
C0,-34.6244458943,-58.380690515,42,3.9647
C0,-34.6248784992,-58.3810096979,43,4.0229
C0,-34.6255053309,-58.3813744783,44,4.1013
C0,-34.6257746022,-58.3814549446,45,4.1317
C0,-34.626116708,-58.3815059066,46,4.1691
C0,-34.6266320711,-58.38148579,47,4.2249
C0,-34.6270150047,-58.3814817667,48,4.2664
C0,-34.6276020927,-58.3814442158,49,4.33
C1,-34.6276020927,-58.3814442158,1,0
C1,-34.6270150047,-58.3814817667,2,0.0636
C1,-34.6266320711,-58.38148579,3,0.1051
C1,-34.626116708,-58.3815059066,4,0.1609
C1,-34.6257746022,-58.3814549446,5,0.1983
C1,-34.6255053309,-58.3813744783,6,0.2287
C1,-34.6248784992,-58.3810096979,7,0.3071
C1,-34.6244458943,-58.380690515,8,0.3653
C1,-34.6241368894,-58.3804048598,9,0.4108
C1,-34.6238157438,-58.3800799772,10,0.4602
C1,-34.6234460385,-58.3798677474,11,0.5063
C1,-34.6229361737,-58.3799260855,12,0.5618
C1,-34.6226028837,-58.3799636364,13,0.5981
C1,-34.6220841847,-58.3799958229,14,0.6543
C1,-34.6194001417,-58.3801674843,15,0.9453
C1,-34.6167866479,-58.3802747726,16,1.2282
C1,-34.6145969006,-58.3804035187,17,1.4655
C1,-34.6118419751,-58.3805537224,18,1.7639
C1,-34.6083407921,-58.3807146549,19,2.143
C1,-34.6061552373,-58.3808460832,20,2.3799
C1,-34.6057953879,-58.3807991445,21,2.4191
C1,-34.605469756,-58.3806683868,22,2.4571
C1,-34.6051766862,-58.3805171773,23,2.4928
C1,-34.6050124894,-58.3803262375,24,2.52
C1,-34.6048398754,-58.3800081443,25,2.5592
C1,-34.6048173845,-58.3794003725,26,2.625
C1,-34.6047875806,-58.378932327,27,2.6757
C1,-34.6047682633,-58.3786017448,28,2.7115
C1,-34.6047365276,-58.3784579113,29,2.7274
C1,-34.604689338,-58.3783569932,30,2.7395
C1,-34.6046024098,-58.378242664,31,2.755
C1,-34.6044956122,-58.3781819791,32,2.7683
C1,-34.6042069544,-58.3781088889,33,2.8005
C1,-34.6039014617,-58.3780830726,34,2.8337
C1,-34.6035959679,-58.3780626208,35,2.8668
C1,-34.6032154098,-58.3781011775,36,2.9082
C1,-34.6027377091,-58.3781075478,37,2.9599
C1,-34.6016073329,-58.3781558275,38,3.0822
C1,-34.6002120035,-58.3782309294,39,3.2334
C1,-34.5989402905,-58.3782738447,40,3.371
C1,-34.5976729738,-58.3783811331,41,3.5086
C1,-34.5963703111,-58.3784294128,42,3.6496
C1,-34.5958845672,-58.3781772852,43,3.7088
C1,-34.5955092177,-58.3778634667,44,3.7617
C1,-34.5952530959,-58.3776301146,45,3.7992
C1,-34.5948799515,-58.3772747219,46,3.855
C1,-34.5944626461,-58.376865685,47,3.9182
C1,-34.5932879972,-58.3759510517,48,4.0792
C1,-34.5915039123,-58.3744704723,49,4.33
D0,-34.607850703,-58.3737784624,1,0
D0,-34.6076122802,-58.3742800355,2,0.0542
D0,-34.6070736189,-58.3753623068,3,0.1722
D0,-34.6064731398,-58.376455307,4,0.2939
D0,-34.6058196723,-58.3777856827,5,0.4386
D0,-34.6043935058,-58.3803096414,6,0.7216
D0,-34.6039839752,-58.3809587359,7,0.7965
D0,-34.6034176936,-58.3823347092,8,0.9417
D0,-34.6026052439,-58.3837723732,9,1.1029
D0,-34.6021769384,-58.3840620518,10,1.1534
D0,-34.6016249951,-58.3845663071,11,1.2264
D0,-34.6010035026,-58.3850973845,12,1.3062
D0,-34.6006955143,-58.3855319023,13,1.3582
D0,-34.6004140186,-58.3859717846,14,1.4091
D0,-34.6001546002,-58.3863902092,15,1.4572
D0,-34.5998322579,-58.3869481087,16,1.5201
D0,-34.5996468002,-58.3874684572,17,1.574
D0,-34.5995054987,-58.3880746365,18,1.6348
D0,-34.5994348479,-58.389018774,19,1.7272
D0,-34.5994790047,-58.3899307251,20,1.8163
D0,-34.5996909568,-58.3940720558,21,2.2211
D0,-34.5997318017,-58.3971820772,22,2.5247
D0,-34.5997593996,-58.3987364173,23,2.6764
D0,-34.5996208581,-58.3993459493,24,2.7374
D0,-34.5993763401,-58.3999983966,25,2.8054
D0,-34.5991207822,-58.4005596489,26,2.8656
D0,-34.5987901565,-58.4010136127,27,2.9204
D0,-34.5980748081,-58.401517868,28,3.0059
D0,-34.5973241272,-58.4020113945,29,3.0936
D0,-34.5965911028,-58.4024432302,30,3.1766
D0,-34.5959287259,-58.4028106928,31,3.2506
D0,-34.5952221846,-58.4031271935,32,3.3261
D0,-34.5950234688,-58.4032210708,33,3.3476
D0,-34.5947805933,-58.40332,34,3.3732
D0,-34.5945134294,-58.4034302831,35,3.4014
D0,-34.5942595125,-58.4035885334,36,3.4306
D0,-34.5937207645,-58.4043931961,37,3.5251
D0,-34.5931908451,-58.405251503,38,3.6236
D0,-34.5926962505,-58.4059810638,39,3.7096
D0,-34.5890396924,-58.4101009369,40,4.2473
D0,-34.5888100481,-58.4104013443,41,4.2842
D0,-34.5873438427,-58.4125900269,42,4.5414
D0,-34.5855066331,-58.4153366089,43,4.8639
D0,-34.5839167074,-58.4177398682,44,5.1452
D0,-34.5821147549,-58.4203362465,45,5.4537
D0,-34.581469929,-58.4212911129,46,5.5661
D0,-34.5808869315,-58.4221386909,47,5.6665
D0,-34.5801095951,-58.4232866764,48,5.8019
D0,-34.5793455016,-58.4243220091,49,5.9275
D0,-34.5789700774,-58.4247632325,50,5.984
D0,-34.5787757395,-58.4250167012,51,6.0152
D0,-34.5785372333,-58.4255129099,52,6.0689
D0,-34.5782236407,-58.4263819456,53,6.1591
D0,-34.5777157066,-58.4279966354,54,6.3243
D0,-34.5772386874,-58.4294342995,55,6.4722
D0,-34.5766026575,-58.4317088127,56,6.7027
D0,-34.5758782842,-58.4331679344,57,6.8617
D0,-34.5751472791,-58.434881866,58,7.0436
D0,-34.5736874582,-58.4378671646,59,7.368
D0,-34.5711078633,-58.4425234795,60,7.8876
D0,-34.5699417188,-58.4449481964,61,8.1502
D0,-34.5661074617,-58.4523296356,62,8.9621
D0,-34.565612706,-58.4531664848,63,9.057
D0,-34.5649235771,-58.4541964531,64,9.178
D0,-34.562025639,-58.4566855431,65,9.5509
D0,-34.5582440313,-58.4599685669,66,10.0397
D0,-34.5555579252,-58.4625005722,67,10.4
D1,-34.5555579252,-58.4625005722,1,0
D1,-34.5582440313,-58.4599685669,2,0.3603
D1,-34.562025639,-58.4566855431,3,0.8491
D1,-34.5649235771,-58.4541964531,4,1.222
D1,-34.565612706,-58.4531664848,5,1.343
D1,-34.5661074617,-58.4523296356,6,1.4379
D1,-34.5699417188,-58.4449481964,7,2.2498
D1,-34.5711078633,-58.4425234795,8,2.5124
D1,-34.5736874582,-58.4378671646,9,3.032
D1,-34.5751472791,-58.434881866,10,3.3564
D1,-34.5758782842,-58.4331679344,11,3.5383
D1,-34.5766026575,-58.4317088127,12,3.6973
D1,-34.5772386874,-58.4294342995,13,3.9278
D1,-34.5777157066,-58.4279966354,14,4.0757
D1,-34.5782236407,-58.4263819456,15,4.2409
D1,-34.5785372333,-58.4255129099,16,4.3311
D1,-34.5787757395,-58.4250167012,17,4.3848
D1,-34.5789700774,-58.4247632325,18,4.416
D1,-34.5793455016,-58.4243220091,19,4.4725
D1,-34.5801095951,-58.4232866764,20,4.5981
D1,-34.5808869315,-58.4221386909,21,4.7335
D1,-34.581469929,-58.4212911129,22,4.8339
D1,-34.5821147549,-58.4203362465,23,4.9463
D1,-34.5839167074,-58.4177398682,24,5.2548
D1,-34.5855066331,-58.4153366089,25,5.5361
D1,-34.5873438427,-58.4125900269,26,5.8586
D1,-34.5888100481,-58.4104013443,27,6.1158
D1,-34.5890396924,-58.4101009369,28,6.1527
D1,-34.5926962505,-58.4059810638,29,6.6904
D1,-34.5931908451,-58.405251503,30,6.7764
D1,-34.5937207645,-58.4043931961,31,6.8749
D1,-34.5942595125,-58.4035885334,32,6.9694
D1,-34.5945134294,-58.4034302831,33,6.9986
D1,-34.5947805933,-58.40332,34,7.0268
D1,-34.5950234688,-58.4032210708,35,7.0524
D1,-34.5952221846,-58.4031271935,36,7.0739
D1,-34.5959287259,-58.4028106928,37,7.1494
D1,-34.5965911028,-58.4024432302,38,7.2234
D1,-34.5973241272,-58.4020113945,39,7.3064
D1,-34.5980748081,-58.401517868,40,7.3941
D1,-34.5987901565,-58.4010136127,41,7.4796
D1,-34.5991207822,-58.4005596489,42,7.5344
D1,-34.5993763401,-58.3999983966,43,7.5946
D1,-34.5996208581,-58.3993459493,44,7.6626
D1,-34.5997593996,-58.3987364173,45,7.7236
D1,-34.5997318017,-58.3971820772,46,7.8753
D1,-34.5996909568,-58.3940720558,47,8.1789
D1,-34.5994790047,-58.3899307251,48,8.5837
D1,-34.5994348479,-58.389018774,49,8.6728
D1,-34.5995054987,-58.3880746365,50,8.7652
D1,-34.5996468002,-58.3874684572,51,8.826
D1,-34.5998322579,-58.3869481087,52,8.8799
D1,-34.6001546002,-58.3863902092,53,8.9428
D1,-34.6004140186,-58.3859717846,54,8.9909
D1,-34.6006955143,-58.3855319023,55,9.0418
D1,-34.6010035026,-58.3850973845,56,9.0938
D1,-34.6016249951,-58.3845663071,57,9.1736
D1,-34.6021769384,-58.3840620518,58,9.2466
D1,-34.6026052439,-58.3837723732,59,9.2971
D1,-34.6034176936,-58.3823347092,60,9.4583
D1,-34.6039839752,-58.3809587359,61,9.6035
D1,-34.6043935058,-58.3803096414,62,9.6784
D1,-34.6058196723,-58.3777856827,63,9.9614
D1,-34.6064731398,-58.376455307,64,10.1061
D1,-34.6070736189,-58.3753623068,65,10.2278
D1,-34.6076122802,-58.3742800355,66,10.3458
D1,-34.607850703,-58.3737784624,67,10.4
E0,-34.6090163156,-58.3734405041,1,0
E0,-34.6130494737,-58.3778044581,2,0.5684
E0,-34.6134413,-58.3782215416,3,0.6232
E0,-34.6140428324,-58.3789336681,4,0.7124
E0,-34.6145494407,-58.379509002,5,0.7857
E0,-34.6151557938,-58.3801012672,6,0.8668
E0,-34.6154722132,-58.3803893533,7,0.9077
E0,-34.6158725127,-58.3806935325,8,0.9558
E0,-34.6162007251,-58.3808351867,9,0.99
E0,-34.6165112771,-58.3809124678,10,1.0206
E0,-34.6176607648,-58.3809104562,11,1.1306
E0,-34.6185723971,-58.3808749169,12,1.2179
E0,-34.6190149655,-58.3809081092,13,1.2603
E0,-34.619612043,-58.3811505139,14,1.322
E0,-34.6200474322,-58.3813870512,15,1.3694
E0,-34.62047399,-58.3816289529,16,1.4163
E0,-34.6208873021,-58.3819620498,17,1.4671
E0,-34.6212961975,-58.3822575957,18,1.5153
E0,-34.6216323898,-58.3825762337,19,1.5596
E0,-34.6218538041,-58.3828948718,20,1.5968
E0,-34.6219957573,-58.3831920521,21,1.6283
E0,-34.6221288813,-58.3835106902,22,1.6613
E0,-34.6222538659,-58.3839763049,23,1.7074
E0,-34.6223170479,-58.3843721822,24,1.7458
E0,-34.6223755395,-58.3858430386,25,1.8866
E0,-34.6227463531,-58.3914971352,26,2.4286
E0,-34.6228920294,-58.3937501907,27,2.6446
E0,-34.6230134261,-58.3958101273,28,2.842
E0,-34.6232054533,-58.397821784,29,3.0353
E0,-34.6234968041,-58.3998844028,30,3.2346
E0,-34.6237793251,-58.4021776915,31,3.4556
E0,-34.6244370656,-58.4071236849,32,3.9329
E0,-34.6246246751,-58.4089502692,33,4.1086
E0,-34.6247891091,-58.4103088081,34,4.2395
E0,-34.6249932715,-58.4121018648,35,4.4121
E0,-34.625461188,-58.4160661697,36,4.794
E0,-34.6258364021,-58.418828845,37,5.0607
E0,-34.6270105905,-58.4267306328,38,5.8249
E0,-34.6277830739,-58.4323257208,39,6.3652
E0,-34.6281726234,-58.4348060936,40,6.6054
E0,-34.6284010554,-58.4365327656,41,6.772
E0,-34.6286805249,-58.4382885229,42,6.9421
E0,-34.6287746009,-58.4388641082,43,6.9979
E0,-34.6288744702,-58.4392642602,44,7.0374
E0,-34.629233116,-58.4397534281,45,7.0954
E0,-34.6310362533,-58.4421801567,46,7.3846
E0,-34.6319764293,-58.4427192807,47,7.4883
E0,-34.6324227885,-58.4432024136,48,7.5512
E0,-34.6328779731,-58.4438357502,49,7.6258
E0,-34.6336206083,-58.444866389,50,7.7473
E0,-34.6345202031,-58.4461915679,51,7.9005
E0,-34.6349872382,-58.447044678,52,7.9936
E0,-34.6356035109,-58.4480749816,53,8.1084
E0,-34.6359930237,-58.4487462044,54,8.1827
E0,-34.6361298494,-58.4489996731,55,8.2102
E0,-34.6362258478,-58.4491948038,56,8.231
E0,-34.6362821228,-58.449459672,57,8.2569
E0,-34.6362490199,-58.4501624107,58,8.3242
E0,-34.6361960552,-58.4513774514,59,8.4406
E0,-34.6361916415,-58.4518991411,60,8.4905
E0,-34.6362578473,-58.4524208307,61,8.5408
E0,-34.6365754965,-58.4536727518,62,8.6644
E0,-34.6370343824,-58.4545974433,63,8.7631
E0,-34.6375990553,-58.4554812312,64,8.8634
E0,-34.638216412,-58.4563046694,65,8.9619
E0,-34.6392216067,-58.4574151039,66,9.1052
E0,-34.6398990856,-58.4582197666,67,9.2058
E0,-34.6412319595,-58.4599632025,68,9.4157
E0,-34.6420307909,-58.4608992934,69,9.5335
E0,-34.6426354261,-58.4613794088,70,9.6073
E0,-34.6431164831,-58.4616476297,71,9.66
E1,-34.6431164831,-58.4616476297,1,0
E1,-34.6426354261,-58.4613794088,2,0.0527
E1,-34.6420307909,-58.4608992934,3,0.1265
E1,-34.6412319595,-58.4599632025,4,0.2443
E1,-34.6398990856,-58.4582197666,5,0.4542
E1,-34.6392216067,-58.4574151039,6,0.5548
E1,-34.638216412,-58.4563046694,7,0.6981
E1,-34.6375990553,-58.4554812312,8,0.7966
E1,-34.6370343824,-58.4545974433,9,0.8969
E1,-34.6365754965,-58.4536727518,10,0.9956
E1,-34.6362578473,-58.4524208307,11,1.1192
E1,-34.6361916415,-58.4518991411,12,1.1695
E1,-34.6361960552,-58.4513774514,13,1.2194
E1,-34.6362490199,-58.4501624107,14,1.3358
E1,-34.6362821228,-58.449459672,15,1.4031
E1,-34.6362258478,-58.4491948038,16,1.429
E1,-34.6361298494,-58.4489996731,17,1.4498
E1,-34.6359930237,-58.4487462044,18,1.4773
E1,-34.6356035109,-58.4480749816,19,1.5516
E1,-34.6349872382,-58.447044678,20,1.6664
E1,-34.6345202031,-58.4461915679,21,1.7595
E1,-34.6336206083,-58.444866389,22,1.9127
E1,-34.6328779731,-58.4438357502,23,2.0342
E1,-34.6324227885,-58.4432024136,24,2.1088
E1,-34.6319764293,-58.4427192807,25,2.1717
E1,-34.6310362533,-58.4421801567,26,2.2754
E1,-34.629233116,-58.4397534281,27,2.5646
E1,-34.6288744702,-58.4392642602,28,2.6226
E1,-34.6287746009,-58.4388641082,29,2.6621
E1,-34.6286805249,-58.4382885229,30,2.7179
E1,-34.6284010554,-58.4365327656,31,2.888
E1,-34.6281726234,-58.4348060936,32,3.0546
E1,-34.6277830739,-58.4323257208,33,3.2948
E1,-34.6270105905,-58.4267306328,34,3.8351
E1,-34.6258364021,-58.418828845,35,4.5993
E1,-34.625461188,-58.4160661697,36,4.866
E1,-34.6249932715,-58.4121018648,37,5.2479
E1,-34.6247891091,-58.4103088081,38,5.4205
E1,-34.6246246751,-58.4089502692,39,5.5514
E1,-34.6244370656,-58.4071236849,40,5.7271
E1,-34.6237793251,-58.4021776915,41,6.2044
E1,-34.6234968041,-58.3998844028,42,6.4254
E1,-34.6232054533,-58.397821784,43,6.6247
E1,-34.6230134261,-58.3958101273,44,6.818
E1,-34.6228920294,-58.3937501907,45,7.0154
E1,-34.6227463531,-58.3914971352,46,7.2314
E1,-34.6223755395,-58.3858430386,47,7.7734
E1,-34.6223170479,-58.3843721822,48,7.9142
E1,-34.6222538659,-58.3839763049,49,7.9526
E1,-34.6221288813,-58.3835106902,50,7.9987
E1,-34.6219957573,-58.3831920521,51,8.0317
E1,-34.6218538041,-58.3828948718,52,8.0632
E1,-34.6216323898,-58.3825762337,53,8.1004
E1,-34.6212961975,-58.3822575957,54,8.1447
E1,-34.6208873021,-58.3819620498,55,8.1929
E1,-34.62047399,-58.3816289529,56,8.2437
E1,-34.6200474322,-58.3813870512,57,8.2906
E1,-34.619612043,-58.3811505139,58,8.338
E1,-34.6190149655,-58.3809081092,59,8.3997
E1,-34.6185723971,-58.3808749169,60,8.4421
E1,-34.6176607648,-58.3809104562,61,8.5294
E1,-34.6165112771,-58.3809124678,62,8.6394
E1,-34.6162007251,-58.3808351867,63,8.67
E1,-34.6158725127,-58.3806935325,64,8.7042
E1,-34.6154722132,-58.3803893533,65,8.7523
E1,-34.6151557938,-58.3801012672,66,8.7932
E1,-34.6145494407,-58.379509002,67,8.8743
E1,-34.6140428324,-58.3789336681,68,8.9476
E1,-34.6134413,-58.3782215416,69,9.0368
E1,-34.6130494737,-58.3778044581,70,9.0916
E1,-34.6090163156,-58.3734405041,71,9.66
H0,-34.5875182871,-58.3972343802,1,0
H0,-34.5884059609,-58.3985567093,2,0.1705
H0,-34.5890794384,-58.3997046947,3,0.312899999999999
H0,-34.5894062387,-58.399951458,4,0.3567
H0,-34.5906825138,-58.4005737305,5,0.508699999999999
H0,-34.5923782953,-58.4014105797,6,0.7111
H0,-34.5944449823,-58.4023118019,7,0.952399999999999
H0,-34.5966352611,-58.4031271935,8,1.2025
H0,-34.5984280673,-58.4037172794,9,1.4045
H0,-34.6005740849,-58.4044146538,10,1.646
H0,-34.602879005,-58.4050637484,11,1.9023
H0,-34.6035860831,-58.4052297488,12,1.98
H0,-34.6055812437,-58.4057021141,13,2.1961
H0,-34.6065614458,-58.4059488773,14,2.3026
H0,-34.6077270765,-58.4061098099,15,2.4267
H0,-34.6101377607,-58.4059810638,16,2.6811
H0,-34.6112327004,-58.405841589,17,2.7974
H0,-34.6133695573,-58.4053051472,18,3.0296
H0,-34.6146233898,-58.4049189091,19,3.1679
H0,-34.6158153961,-58.4045863152,20,3.2983
H0,-34.6170868507,-58.404135704,21,3.4405
H0,-34.6197709686,-58.4032022953,22,3.74
H0,-34.6210158754,-58.4028375149,23,3.8768
H0,-34.6219429215,-58.4026122093,24,3.9773
H0,-34.6229052727,-58.4023547173,25,4.0823
H0,-34.6244326512,-58.4020221233,26,4.2471
H0,-34.625598031,-58.4017646313,27,4.3729
H0,-34.6274696672,-58.401324749,28,4.5755
H0,-34.6297385281,-58.4009170532,29,4.8185
H0,-34.6312481249,-58.400605917,30,4.9809
H0,-34.631830769,-58.4004449844,31,5.0446
H0,-34.632625277,-58.400144577,32,5.1341
H0,-34.6336846092,-58.3996725082,33,5.2564
H0,-34.6359533001,-58.398900032,34,5.509
H0,-34.636416741,-58.3988893032,35,5.5578
H0,-34.6368239048,-58.3992084861,36,5.6124
H0,-34.6370810018,-58.3995598555,37,5.6582
H0,-34.6372509281,-58.4000372887,38,5.7117
H0,-34.6381822065,-58.404661417,39,6.2088
H0,-34.6384432991,-58.4061953053,40,6.3728
H0,-34.6385275023,-58.4066940285,41,6.4261
H0,-34.6385675695,-58.4072785825,42,6.4879
H0,-34.6384453679,-58.408511728,43,6.6185
H0,-34.6384216448,-58.4090897441,44,6.6794
H0,-34.6386478417,-58.4100955725,45,6.7881
H0,-34.6388707278,-58.4108519554,46,6.8712
H0,-34.6391421625,-58.4113079309,47,6.9271
H0,-34.6394993741,-58.4117204545,48,6.9847
H0,-34.6419002812,-58.4127501557,49,7.26
H1,-34.6419002812,-58.4127501557,1,0
H1,-34.6394993741,-58.4117204545,2,0.2753
H1,-34.6391421625,-58.4113079309,3,0.3329
H1,-34.6388707278,-58.4108519554,4,0.3888
H1,-34.6386478417,-58.4100955725,5,0.4719
H1,-34.6384216448,-58.4090897441,6,0.5806
H1,-34.6384453679,-58.408511728,7,0.6415
H1,-34.6385675695,-58.4072785825,8,0.7721
H1,-34.6385275023,-58.4066940285,9,0.8339
H1,-34.6384432991,-58.4061953053,10,0.8872
H1,-34.6381822065,-58.404661417,11,1.0512
H1,-34.6372509281,-58.4000372887,12,1.5483
H1,-34.6370810018,-58.3995598555,13,1.6018
H1,-34.6368239048,-58.3992084861,14,1.6476
H1,-34.636416741,-58.3988893032,15,1.7022
H1,-34.6359533001,-58.398900032,16,1.751
H1,-34.6336846092,-58.3996725082,17,2.0036
H1,-34.632625277,-58.400144577,18,2.1259
H1,-34.631830769,-58.4004449844,19,2.2154
H1,-34.6312481249,-58.400605917,20,2.2791
H1,-34.6297385281,-58.4009170532,21,2.4415
H1,-34.6274696672,-58.401324749,22,2.6845
H1,-34.625598031,-58.4017646313,23,2.8871
H1,-34.6244326512,-58.4020221233,24,3.0129
H1,-34.6229052727,-58.4023547173,25,3.1777
H1,-34.6219429215,-58.4026122093,26,3.2827
H1,-34.6210158754,-58.4028375149,27,3.3832
H1,-34.6197709686,-58.4032022953,28,3.52
H1,-34.6170868507,-58.404135704,29,3.8195
H1,-34.6158153961,-58.4045863152,30,3.9617
H1,-34.6146233898,-58.4049189091,31,4.0921
H1,-34.6133695573,-58.4053051472,32,4.2304
H1,-34.6112327004,-58.405841589,33,4.4626
H1,-34.6101377607,-58.4059810638,34,4.5789
H1,-34.6077270765,-58.4061098099,35,4.8333
H1,-34.6065614458,-58.4059488773,36,4.9574
H1,-34.6055812437,-58.4057021141,37,5.0639
H1,-34.6035860831,-58.4052297488,38,5.28
H1,-34.602879005,-58.4050637484,39,5.3577
H1,-34.6005740849,-58.4044146538,40,5.614
H1,-34.5984280673,-58.4037172794,41,5.8555
H1,-34.5966352611,-58.4031271935,42,6.0575
H1,-34.5944449823,-58.4023118019,43,6.3076
H1,-34.5923782953,-58.4014105797,44,6.5489
H1,-34.5906825138,-58.4005737305,45,6.7513
H1,-34.5894062387,-58.399951458,46,6.9033
H1,-34.5890794384,-58.3997046947,47,6.9471
H1,-34.5884059609,-58.3985567093,48,7.0895
H1,-34.5875182871,-58.3972343802,49,7.26
P1-0,-34.6432578305,-58.461526166,1,0
P1-0,-34.6438662906,-58.4611415941,2,0.0725
P1-0,-34.6444206032,-58.4606792402,3,0.1453
P1-0,-34.6457941506,-58.4592507367,4,0.345
P1-0,-34.6483572243,-58.4566645291,5,0.712
P1-0,-34.6499503091,-58.4548619261,6,0.9545
P1-0,-34.6501895563,-58.4544780733,7,1.0001
P1-0,-34.6503432155,-58.4543622628,8,1.0195
P1-0,-34.6506243389,-58.4543555406,9,1.0478
P1-0,-34.651205076,-58.4545110079,10,1.1084
P1-0,-34.6514579495,-58.4546392462,11,1.137
P1-0,-34.6516438895,-58.4546929661,12,1.1565
P1-0,-34.6521158315,-58.4547876347,13,1.205
P1-0,-34.6523363162,-58.4549455905,14,1.2323
P1-0,-34.6537645862,-58.4566286312,15,1.4548
P1-0,-34.6539077786,-58.456738372,16,1.473
P1-0,-34.6541141206,-58.4567795293,17,1.4942
P1-0,-34.6543095011,-58.4566544524,18,1.5176
P1-0,-34.6574327958,-58.4526355656,19,2.0306
P1-0,-34.6595795007,-58.4498838756,20,2.3823
P1-0,-34.6609181428,-58.4481873767,21,2.6001
P1-0,-34.6622966111,-58.446513182,22,2.8187
P1-0,-34.6627073571,-58.4459983072,23,2.8851
P1-0,-34.6627575397,-58.4459365474,24,2.8931
P1-0,-34.6628182115,-58.4459100832,25,2.8998
P1-0,-34.6628769989,-58.4459285216,26,2.906
P1-0,-34.662945064,-58.4459784535,27,2.9145
P1-0,-34.6641573493,-58.4474449407,28,3.1063
P1-0,-34.6655368584,-58.449124058,29,3.3253
P1-0,-34.6656046568,-58.4494264658,30,3.3565
P1-0,-34.6657178261,-58.4506163884,31,3.477
P1-0,-34.6657919013,-58.4509316851,32,3.5096
P1-0,-34.6659302052,-58.4512388068,33,3.5436
P1-0,-34.6661646912,-58.4514503715,34,3.5754
P1-0,-34.6664835907,-58.4515871341,35,3.6104
P1-0,-34.6673240085,-58.4518639794,36,3.6996
P1-0,-34.6676114442,-58.452030198,37,3.733
P1-0,-34.6678538377,-58.4522283379,38,3.7646
P1-0,-34.6680865109,-58.4524976113,39,3.8005
P1-0,-34.6683216972,-58.453010171,40,3.8573
P1-0,-34.6685278224,-58.4535151581,41,3.9123
P1-0,-34.6687270014,-58.4538650176,42,3.9528
P1-0,-34.6693991866,-58.454581918,43,4.0519
P1-0,-34.6702369308,-58.4555066123,44,4.1776
P1-0,-34.6711414788,-58.4564662642,45,4.3106
P1-0,-34.6718438791,-58.457193656,46,4.4125
P1-0,-34.6726104072,-58.4579756632,47,4.5228
P1-0,-34.6728284531,-58.4580998686,48,4.5481
P1-0,-34.6730362599,-58.4581341672,49,4.5694
P1-0,-34.6733701595,-58.4581026679,50,4.6032
P1-0,-34.6735555847,-58.4581048669,51,4.6219
P1-0,-34.6737511563,-58.4582440144,52,4.646
P1-0,-34.6738741524,-58.4584782342,53,4.6727
P1-0,-34.6738973639,-58.4588510599,54,4.7104
P1-0,-34.6739385294,-58.4591939823,55,4.7452
P1-0,-34.674064313,-58.459560204,56,4.7842
P1-0,-34.674533553,-58.4601381199,57,4.8592
P1-0,-34.6752435571,-58.4609703776,58,4.9695
P1-0,-34.6760908715,-58.4620751075,59,5.1098
P1-0,-34.676763691,-58.4628700067,60,5.2148
P1-0,-34.6778405497,-58.464182391,61,5.3859
P1-0,-34.6786760754,-58.4648924251,62,5.4964
P1-0,-34.6793115873,-58.4653608806,63,5.576
P1-0,-34.6801893909,-58.4662541952,64,5.7022
P1-0,-34.6805869413,-58.4668857676,65,5.7774
P1-0,-34.6807265776,-58.4670971689,66,5.8029
P1-0,-34.6809465415,-58.4672777874,67,5.8316
P1-0,-34.6811252911,-58.4673186147,68,5.8501
P1-0,-34.6813339625,-58.4672572241,69,5.872
P1-0,-34.6816061701,-58.4670326373,70,5.9076
P1-0,-34.6835434776,-58.4651479454,71,6.18
P1-1,-34.6835434776,-58.4651479454,1,0
P1-1,-34.6816061701,-58.4670326373,2,0.2715
P1-1,-34.6813339625,-58.4672572241,3,0.307
P1-1,-34.6811252911,-58.4673186147,4,0.3288
P1-1,-34.6809465415,-58.4672777874,5,0.3473
P1-1,-34.6807265776,-58.4670971689,6,0.3759
P1-1,-34.6805869413,-58.4668857676,7,0.4013
P1-1,-34.6801893909,-58.4662541952,8,0.4763
P1-1,-34.6793115873,-58.4653608806,9,0.6021
P1-1,-34.6786760754,-58.4648924251,10,0.6814
P1-1,-34.6778405497,-58.464182391,11,0.7916
P1-1,-34.676763691,-58.4628700067,12,0.9622
P1-1,-34.6760908715,-58.4620751075,13,1.0668
P1-1,-34.6752435571,-58.4609703776,14,1.2067
P1-1,-34.674533553,-58.4601381199,15,1.3166
P1-1,-34.674064313,-58.459560204,16,1.3913
P1-1,-34.6739385294,-58.4591939823,17,1.4303
P1-1,-34.6738973639,-58.4588510599,18,1.465
P1-1,-34.6738741524,-58.4584782342,19,1.5025
P1-1,-34.6737511563,-58.4582440144,20,1.5291
P1-1,-34.6735555847,-58.4581048669,21,1.5532
P1-1,-34.6733701595,-58.4581026679,22,1.5718
P1-1,-34.6730362599,-58.4581341672,23,1.6055
P1-1,-34.6728284531,-58.4580998686,24,1.6267
P1-1,-34.6726104072,-58.4579756632,25,1.6519
P1-1,-34.6718438791,-58.457193656,26,1.7619
P1-1,-34.6711414788,-58.4564662642,27,1.8635
P1-1,-34.6702369308,-58.4555066123,28,1.996
P1-1,-34.6693991866,-58.454581918,29,2.1213
P1-1,-34.6687270014,-58.4538650176,30,2.2201
P1-1,-34.6685278224,-58.4535151581,31,2.2605
P1-1,-34.6683216972,-58.453010171,32,2.3153
P1-1,-34.6680865109,-58.4524976113,33,2.372
P1-1,-34.6678538377,-58.4522283379,34,2.4077
P1-1,-34.6676114442,-58.452030198,35,2.4392
P1-1,-34.6673240085,-58.4518639794,36,2.4725
P1-1,-34.6664835907,-58.4515871341,37,2.5614
P1-1,-34.6661646912,-58.4514503715,38,2.5963
P1-1,-34.6659302052,-58.4512388068,39,2.628
P1-1,-34.6657919013,-58.4509316851,40,2.6618
P1-1,-34.6657178261,-58.4506163884,41,2.6944
P1-1,-34.6656046568,-58.4494264658,42,2.8145
P1-1,-34.6655368584,-58.449124058,43,2.8456
P1-1,-34.664679666,-58.4470713786,44,3.0691
P1-1,-34.663795765,-58.4449655698,45,3.2985
P1-1,-34.6637313306,-58.4448920799,46,3.3084
P1-1,-34.6636663909,-58.4448794224,47,3.315
P1-1,-34.6635868887,-58.4449112132,48,3.3236
P1-1,-34.663513138,-58.4449885817,49,3.3343
P1-1,-34.6622966111,-58.446513182,50,3.5303
P1-1,-34.6609181428,-58.4481873767,51,3.7482
P1-1,-34.6595795007,-58.4498838756,52,3.9653
P1-1,-34.6574327958,-58.4526355656,53,4.3159
P1-1,-34.6543095011,-58.4566544524,54,4.8273
P1-1,-34.6541141206,-58.4567795293,55,4.8506
P1-1,-34.6539077786,-58.456738372,56,4.8717
P1-1,-34.6537645862,-58.4566286312,57,4.8898
P1-1,-34.6523363162,-58.4549455905,58,5.1116
P1-1,-34.6521158315,-58.4547876347,59,5.1389
P1-1,-34.6516438895,-58.4546929661,60,5.1872
P1-1,-34.6514579495,-58.4546392462,61,5.2067
P1-1,-34.651205076,-58.4545110079,62,5.2351
P1-1,-34.6506243389,-58.4543555406,63,5.2955
P1-1,-34.6503432155,-58.4543622628,64,5.3238
P1-1,-34.6501895563,-58.4544780733,65,5.3431
P1-1,-34.6499503091,-58.4548619261,66,5.3886
P1-1,-34.6483572243,-58.4566645291,67,5.6303
P1-1,-34.6457941506,-58.4592507367,68,5.9961
P1-1,-34.6444206032,-58.4606792402,69,6.1952
P1-1,-34.6438662906,-58.4611415941,70,6.2677
P1-1,-34.6432578305,-58.461526166,71,6.34
P2-0,-34.6432578305,-58.461526166,1,0
P2-0,-34.6438662906,-58.4611415941,2,0.0724
P2-0,-34.6444206032,-58.4606792402,3,0.145
P2-0,-34.6457941506,-58.4592507367,4,0.3444
P2-0,-34.6483572243,-58.4566645291,5,0.7108
P2-0,-34.6499503091,-58.4548619261,6,0.9528
P2-0,-34.6501895563,-58.4544780733,7,0.9983
P2-0,-34.6503432155,-58.4543622628,8,1.0177
P2-0,-34.6506243389,-58.4543555406,9,1.046
P2-0,-34.651205076,-58.4545110079,10,1.1065
P2-0,-34.6514579495,-58.4546392462,11,1.135
P2-0,-34.6516438895,-58.4546929661,12,1.1545
P2-0,-34.6521158315,-58.4547876347,13,1.2029
P2-0,-34.6523363162,-58.4549455905,14,1.2302
P2-0,-34.6537645862,-58.4566286312,15,1.4523
P2-0,-34.6539077786,-58.456738372,16,1.4704
P2-0,-34.6541141206,-58.4567795293,17,1.4916
P2-0,-34.6543095011,-58.4566544524,18,1.5149
P2-0,-34.6574327958,-58.4526355656,19,2.027
P2-0,-34.6595795007,-58.4498838756,20,2.3782
P2-0,-34.6609181428,-58.4481873767,21,2.5956
P2-0,-34.6622966111,-58.446513182,22,2.8138
P2-0,-34.6627173518,-58.4459865663,23,2.8816
P2-0,-34.6627592504,-58.445935645,24,2.8882
P2-0,-34.6628181548,-58.4459099611,25,2.8947
P2-0,-34.6628769458,-58.4459280267,26,2.9009
P2-0,-34.6629438856,-58.4459765211,27,2.9092
P2-0,-34.6641600388,-58.4474490177,28,3.1013
P2-0,-34.6655368584,-58.449124058,29,3.3195
P2-0,-34.6656046568,-58.4494264658,30,3.3507
P2-0,-34.6657178261,-58.4506163884,31,3.4709
P2-0,-34.6657919013,-58.4509316851,32,3.5035
P2-0,-34.6659302052,-58.4512388068,33,3.5374
P2-0,-34.6661646912,-58.4514503715,34,3.5692
P2-0,-34.6664835907,-58.4515871341,35,3.6041
P2-0,-34.6673240085,-58.4518639794,36,3.6931
P2-0,-34.6676114442,-58.452030198,37,3.7265
P2-0,-34.6678538377,-58.4522283379,38,3.758
P2-0,-34.6680865109,-58.4524976113,39,3.7938
P2-0,-34.6683216972,-58.453010171,40,3.8506
P2-0,-34.6685278224,-58.4535151581,41,3.9054
P2-0,-34.6687270014,-58.4538650176,42,3.9459
P2-0,-34.6693991866,-58.454581918,43,4.0448
P2-0,-34.6702369308,-58.4555066123,44,4.1704
P2-0,-34.6711414788,-58.4564662642,45,4.303
P2-0,-34.6718438791,-58.457193656,46,4.4048
P2-0,-34.6726104072,-58.4579756632,47,4.515
P2-0,-34.6728284531,-58.4580998686,48,4.5402
P2-0,-34.6730362599,-58.4581341672,49,4.5614
P2-0,-34.6733701595,-58.4581026679,50,4.5951
P2-0,-34.6735555847,-58.4581048669,51,4.6138
P2-0,-34.6737511563,-58.4582440144,52,4.6379
P2-0,-34.6738741524,-58.4584782342,53,4.6646
P2-0,-34.6738973639,-58.4588510599,54,4.7021
P2-0,-34.6739385294,-58.4591939823,55,4.7369
P2-0,-34.674064313,-58.459560204,56,4.7758
P2-0,-34.674533553,-58.4601381199,57,4.8507
P2-0,-34.6752435571,-58.4609703776,58,4.9608
P2-0,-34.6760908715,-58.4620751075,59,5.1009
P2-0,-34.676763691,-58.4628700067,60,5.2057
P2-0,-34.6778405497,-58.464182391,61,5.3765
P2-0,-34.6786760754,-58.4648924251,62,5.4868
P2-0,-34.6793115873,-58.4653608806,63,5.5662
P2-0,-34.6799277817,-58.4658258885,64,5.6439
P2-0,-34.6800978179,-58.4658456004,65,5.6611
P2-0,-34.6803424286,-58.4657026212,66,5.6896
P2-0,-34.6808142049,-58.4650410482,67,5.7714
P2-0,-34.6821277163,-58.4632640868,68,5.9937
P2-0,-34.6839242484,-58.4608049647,69,6.3001
P2-0,-34.6851440162,-58.4592089893,70,6.5022
P2-0,-34.6862186214,-58.4577638029,71,6.6834
P2-0,-34.686387982,-58.4576256741,72,6.7054
P2-0,-34.6866166887,-58.4576031653,73,6.7285
P2-0,-34.6867997942,-58.457749615,74,6.7521
P2-0,-34.6871569507,-58.4581543966,75,6.8064
P2-0,-34.6881296806,-58.4592338128,76,6.9526
P2-0,-34.689598469,-58.4608185587,77,7.17
P2-1,-34.689598469,-58.4608185587,1,0
P2-1,-34.6881296806,-58.4592338128,2,0.2168
P2-1,-34.6871569507,-58.4581543966,3,0.3626
P2-1,-34.6867997942,-58.457749615,4,0.4168
P2-1,-34.6866166887,-58.4576031653,5,0.4403
P2-1,-34.686387982,-58.4576256741,6,0.4634
P2-1,-34.6862186214,-58.4577638029,7,0.4853
P2-1,-34.6851440162,-58.4592089893,8,0.666
P2-1,-34.6839242484,-58.4608049647,9,0.8675
P2-1,-34.6821277163,-58.4632640868,10,1.1731
P2-1,-34.6808142049,-58.4650410482,11,1.3948
P2-1,-34.6803424286,-58.4657026212,12,1.4764
P2-1,-34.6800978179,-58.4658456004,13,1.5048
P2-1,-34.6799277817,-58.4658258885,14,1.522
P2-1,-34.6793115873,-58.4653608806,15,1.5994
P2-1,-34.6786760754,-58.4648924251,16,1.6786
P2-1,-34.6778405497,-58.464182391,17,1.7887
P2-1,-34.676763691,-58.4628700067,18,1.959
P2-1,-34.6760908715,-58.4620751075,19,2.0635
P2-1,-34.6752435571,-58.4609703776,20,2.2032
P2-1,-34.674533553,-58.4601381199,21,2.313
P2-1,-34.674064313,-58.459560204,22,2.3876
P2-1,-34.6739385294,-58.4591939823,23,2.4265
P2-1,-34.6738973639,-58.4588510599,24,2.4612
P2-1,-34.6738741524,-58.4584782342,25,2.4986
P2-1,-34.6737511563,-58.4582440144,26,2.5252
P2-1,-34.6735555847,-58.4581048669,27,2.5493
P2-1,-34.6733701595,-58.4581026679,28,2.5679
P2-1,-34.6730362599,-58.4581341672,29,2.6015
P2-1,-34.6728284531,-58.4580998686,30,2.6227
P2-1,-34.6726104072,-58.4579756632,31,2.6478
P2-1,-34.6718438791,-58.457193656,32,2.7577
P2-1,-34.6711414788,-58.4564662642,33,2.8592
P2-1,-34.6702369308,-58.4555066123,34,2.9915
P2-1,-34.6693991866,-58.454581918,35,3.1167
P2-1,-34.6687270014,-58.4538650176,36,3.2153
P2-1,-34.6685278224,-58.4535151581,37,3.2557
P2-1,-34.6683216972,-58.453010171,38,3.3104
P2-1,-34.6680865109,-58.4524976113,39,3.367
P2-1,-34.6678538377,-58.4522283379,40,3.4027
P2-1,-34.6676114442,-58.452030198,41,3.4341
P2-1,-34.6673240085,-58.4518639794,42,3.4674
P2-1,-34.6664835907,-58.4515871341,43,3.5562
P2-1,-34.6661646912,-58.4514503715,44,3.591
P2-1,-34.6659302052,-58.4512388068,45,3.6227
P2-1,-34.6657919013,-58.4509316851,46,3.6565
P2-1,-34.6657178261,-58.4506163884,47,3.689
P2-1,-34.6656046568,-58.4494264658,48,3.809
P2-1,-34.6655368584,-58.449124058,49,3.8401
P2-1,-34.664679666,-58.4470713786,50,4.0633
P2-1,-34.663795765,-58.4449655698,51,4.2924
P2-1,-34.6637313306,-58.4448920799,52,4.3022
P2-1,-34.6636663909,-58.4448794224,53,4.3088
P2-1,-34.6635868887,-58.4449112132,54,4.3174
P2-1,-34.663513138,-58.4449885817,55,4.3282
P2-1,-34.6622966111,-58.446513182,56,4.5239
P2-1,-34.6609181428,-58.4481873767,57,4.7415
P2-1,-34.6595795007,-58.4498838756,58,4.9583
P2-1,-34.6574327958,-58.4526355656,59,5.3085
P2-1,-34.6543095011,-58.4566544524,60,5.8192
P2-1,-34.6541141206,-58.4567795293,61,5.8425
P2-1,-34.6539077786,-58.456738372,62,5.8636
P2-1,-34.6537645862,-58.4566286312,63,5.8817
P2-1,-34.6523363162,-58.4549455905,64,6.1032
P2-1,-34.6521158315,-58.4547876347,65,6.1304
P2-1,-34.6516438895,-58.4546929661,66,6.1787
P2-1,-34.6514579495,-58.4546392462,67,6.1981
P2-1,-34.651205076,-58.4545110079,68,6.2266
P2-1,-34.6506243389,-58.4543555406,69,6.2869
P2-1,-34.6503432155,-58.4543622628,70,6.3151
P2-1,-34.6501895563,-58.4544780733,71,6.3344
P2-1,-34.6499503091,-58.4548619261,72,6.3798
P2-1,-34.6483572243,-58.4566645291,73,6.6212
P2-1,-34.6457941506,-58.4592507367,74,6.9865
P2-1,-34.6444206032,-58.4606792402,75,7.1853
P2-1,-34.6438662906,-58.4611415941,76,7.2578
P2-1,-34.6432578305,-58.461526166,77,7.33
